LINE_DDA 157 107 421 192 255 0 0
LINE_DDA 299 239 450 291 255 0 0
LINE_DDA 343 334 518 371 255 0 0
LINE_DDA 276 322 393 335 255 0 0
LINE_DDA 394 183 610 196 255 0 0
LINE_DDA 495 109 630 107 255 0 0
LINE_DDA 253 55 385 71 0 255 0
LINE_DDA 136 184 244 202 0 255 0
LINE_DDA 104 305 206 335 0 255 0
LINE_DDA 181 428 358 455 0 255 0
LINE_DDA 252 485 563 493 0 255 0
LINE_DDA 463 362 656 344 0 255 0
LINE_DDA 575 294 723 273 0 255 0
LINE_DDA 578 221 715 201 0 255 0
LINE_DDA 665 151 767 137 0 255 0
LINE_DDA 378 87 498 110 0 255 0
LINE_DDA 292 121 438 162 0 255 0
LINE_DDA 279 197 365 250 0 255 0
LINE_DDA 116 245 289 299 0 255 0
LINE_DDA 168 312 400 390 0 255 0
LINE_DDA 285 412 523 451 0 255 0
LINE_DDA 455 440 704 470 0 255 0
LINE_DDA 519 393 626 342 0 255 0
LINE_DDA 368 228 438 213 0 255 0
LINE_DDA 472 49 472 49 0 255 0
